  UID   PID   RSS
    0     1  9544
    0     2     0
    0     3     0
    0     4     0
    0     6     0
    0     8     0
    0     9     0
    0    10     0
    0    11     0
    0    12     0
    0    13     0
    0    14     0
    0    15     0
    0    16     0
    0    17     0
    0    18     0
    0    20     0
    0    21     0
    0    22     0
    0    23     0
    0    24     0
    0    26     0
    0    27     0
    0    28     0
    0    29     0
    0    30     0
    0    32     0
    0    33     0
    0    34     0
    0    35     0
    0    36     0
    0    40     0
    0    41     0
    0    42     0
    0    43     0
    0    44     0
    0    45     0
    0    46     0
    0    47     0
    0    48     0
    0    51     0
    0    53     0
    0    54     0
    0    55     0
    0    56     0
    0    58     0
    0    59     0
    0    60     0
    0   105     0
    0   106     0
    0   111     0
    0   120     0
    0   137     0
    0   186     0
    0   187     0
    0   188     0
    0   189     0
    0   190     0
    0   191     0
    0   197     0
    0   200     0
    0   220     0
    0   221     0
    0   251     0
    0   252     0
    0   257 94684
    0   283  6336
    0   315     0
    0   331     0
    0   334     0
    0   335     0
    0   340     0
    0   343     0
    0   347     0
    0   358     0
    0   360     0
    0   362     0
    0   363     0
    0   365     0
    0   396     0
    0   398     0
    0   400     0
    0   402     0
    0   403     0
    0   404     0
    0   405     0
    0   406     0
    0   408     0
    0   410     0
    0   413     0
    0   414     0
    0   433     0
    0   438     0
    0   440     0
    0   442     0
    0   444     0
    0   445     0
    0   446     0
    0   448     0
    0   450     0
    0   451     0
    0   457     0
    0   514     0
    0   560     0
    0   561     0
    0   562     0
    0   563     0
    0   564     0
    0   565     0
    0   566     0
    0   567     0
    0   568     0
    0   569     0
    0   570     0
    0   579     0
    0   585     0
    0   591     0
    0   592     0
62583   922  3280
  101   923  6268
    0   926   776
    0   931  4632
    0   935  6032
  103   937  6232
    0   940  7760
  116   944  4304
    0   946  9040
    0   947  3204
    0   948  3556
    0   949 12744
    0   953  9668
    0   955 17280
    0   957  9372
    0   958 18252
    0   960  7012
  102   961  4480
    0   962 22192
  116   995   336
    0   996 11768
    0   999  2132
    0  1014  9536
    0  1077 19932
    0  1083  8000
    0  1093  8308
  121  1104  8356
  121  1105  2984
  121  1116  5496
  121  1118  4592
  121  1120 13868
  121  1126 116152
    0  1135  8996
  121  1154 50128
  121  1162  6140
  121  1167  4292
  121  1169  5856
  121  1173 11448
  109  1174  3028
  121  1194  7532
  121  1197  5784
  121  1199 28652
  121  1202  6052
    0  1240  6696
    0  1241 21092
  121  1242 29564
  121  1246  5856
  121  1248 28032
  121  1250 31160
  121  1251 13520
  121  1252  5276
  121  1253 29000
  121  1257 30984
  121  1258  4688
  121  1263 30892
  121  1264  8676
  121  1266  4668
  121  1269  5108
  121  1273  8300
  121  1277  8080
  121  1281  8016
  121  1282 29272
  112  1290 12864
  113  1292   420
  113  1294   420
    7  1336  6024
  117  1337 14060
  121  1342  6540
    0  1405  9016
 1000  1408  8472
 1000  1409  2984
 1000  1422  7808
 1000  1426  5852
 1000  1428 175440
 1000  1444  5892
 1000  1447 14340
 1000  1543   320
 1000  1546  6224
 1000  1551  4108
 1000  1553  6824
 1000  1571 189248
 1000  1578  7124
 1000  1583  5364
 1000  1594 12172
    0  1607     0
 1000  1609  8460
 1000  1613  6616
 1000  1615 20712
 1000  1617  6032
 1000  1628 20336
 1000  1640  5256
 1000  1643 26304
 1000  1647  9116
 1000  1651  7764
 1000  1656  5960
 1000  1660 31408
 1000  1670  7540
 1000  1675  4920
 1000  1679  6692
 1000  1683 23964
 1000  1684 10196
 1000  1686  5816
 1000  1688  4700
 1000  1691 10056
 1000  1697 22012
 1000  1701  7968
 1000  1704  8160
 1000  1708 21172
 1000  1716  5908
 1000  1718 23272
 1000  1724 20152
 1000  1725 13716
 1000  1726  7384
 1000  1727 21632
 1000  1731 24088
 1000  1737  5904
 1000  1784 66988
 1000  1790 12472
 1000  1792  6892
 1000  1793  6496
 1000  1807 63480
 1000  1835  7376
 1000  1846 62132
 1000  1860 24264
 1000  1870 26424
 1000  1902  6660
 1000  1906 49768
 1000  1935 115020
 1000  1945 28716
 1000  1952  7544
 1000  1986  7332
 1000  2004 162172
 1000  2007 26688
    0  2025 22216
 1000  2110 31808
 1000  2179 40416
 1000  2188  5432
 1000 17166  5364
    0 17188     0
    0 17189     0
    0 17794     0
    0 17868     0
    0 17882     0
    0 17891     0
    0 17987  6140
    0 18075     0
 1000 18103  5144
    0 18119     0
 1000 18596 353532
 1000 18666 127764
 1000 18704 104888
 1000 18781 183976
 1000 18827 240496
    0 19034     0
    0 19035     0
    0 19040     0
    0 19214     0
    0 19258     0
    0 19268     0
    0 19269     0
    0 19272     0
 1000 19286 80516
    0 19323     0
    0 21227     0
 1000 21228  3248
 1000 21230  1460
